2017502222 68
2015502150 48
2015502102 72
2017502216 56
2015502045 52
2015502024 40
2011502240 40
2016502231 44
2014502114 56
2015502051 48
2014502009 52
2015502108 52
2015502060 36
2015502105 48
2015502171 40
2014502030 60
2016502225 64
2014502090 48
2015502090 44
2014502165 52
2015502015 36
2013502138 44
2013502171 44
2015502123 44
2017502252 44
2016502213 64
2014502069 36
2015502039 52
2014502132 60
2015502036 40
2014502084 56
2013502009 36
2015502027 48
2013502165 32
2015502153 40
2015502033 36
2015502246 36
2015502183 52
2016502000 64
2015502138 40
2014502078 28
2014502048 20
2013502162 44
2015502009 48
2016502228 44
2013502207 36
2014502087 44
2002104309 60
2014502000 48
